strong_scaling
keycount,gpucount,time
build tests
16777216,1,0.0122644
16777216,2,0.0178678
16777216,4,0.0226222
16777216,8,0.026281
16777216,16,0.0431165
33554432,1,0.0240906
33554432,2,0.0334356
33554432,4,0.037845
33554432,8,0.0413512
33554432,16,0.0547164
67108864,1,0.043605
67108864,2,0.0638628
67108864,4,0.0743997
67108864,8,0.0713103
67108864,16,0.0901489
134217728,1,0.0934072
134217728,2,0.121122
134217728,4,0.140348
134217728,8,0.128722
134217728,16,0.141252
268435456,1,0.170955
268435456,2,0.242831
268435456,4,0.254967
268435456,8,0.268106
268435456,16,0.266513
536870912,1,oom
536870912,2,0.477132
536870912,4,0.535152
536870912,8,0.483546
536870912,16,0.498846
1073741824,1,oom
1073741824,2,oom
1073741824,4,1.03539
1073741824,8,0.955675
1073741824,16,0.931251
2147483648,1,oom
2147483648,2,oom
2147483648,4,oom
2147483648,8,
2147483648,16,
4294967296,1,oom
4294967296,2,oom
4294967296,4,oom
4294967296,8,oom
