strong_scaling
keycount,gpucount,time
build tests
keycount: 16777216
gpucount: 1
16777216,1,0.104485
gpucount: 2
16777216,2,0.102479
gpucount: 4
16777216,4,0.146118
gpucount: 6
16777216,6,0.204119
keycount: 33554432
gpucount: 1
33554432,1,0.17862
gpucount: 2
33554432,2,0.14569
gpucount: 4
33554432,4,0.166277
gpucount: 6
33554432,6,0.231114
keycount: 67108864
gpucount: 1
67108864,1,0.313397
gpucount: 2
67108864,2,0.227168
gpucount: 4
67108864,4,0.229234
gpucount: 6
67108864,6,0.284375
keycount: 134217728
gpucount: 1
134217728,1,0.601191
gpucount: 2
134217728,2,0.433254
gpucount: 4
134217728,4,0.3274
gpucount: 6
134217728,6,0.373056
keycount: 268435456
gpucount: 1
268435456,1,
gpucount: 2
268435456,2,0.758034
gpucount: 4
268435456,4,0.550708
gpucount: 6
268435456,6,0.574019
keycount: 536870912
gpucount: 1
536870912,1,
gpucount: 2
536870912,2,
gpucount: 4
536870912,4,0.95146
gpucount: 6
536870912,6,0.981556
keycount: 1073741824
gpucount: 1
1073741824,1,
gpucount: 2
1073741824,2,
gpucount: 4
1073741824,4,
gpucount: 6
1073741824,6,1.96333
keycount: 2147483648
gpucount: 1
2147483648,1,
gpucount: 2
2147483648,2,
gpucount: 4
2147483648,4,
gpucount: 6
2147483648,6,
keycount: 4294967296
gpucount: 1
4294967296,1,
gpucount: 2
4294967296,2,
gpucount: 4
4294967296,4,
gpucount: 6
4294967296,6,
keycount: 8589934592
gpucount: 1
8589934592,1,
gpucount: 2
8589934592,2,
gpucount: 4
8589934592,4,
gpucount: 6
8589934592,6,
intersect tests
keycount: 8388608
gpucount: 1
8388608,1,0.12358
gpucount: 2
8388608,2,0.119838
gpucount: 4
8388608,4,0.155684
gpucount: 6
8388608,6,0.208109
keycount: 16777216
gpucount: 1
16777216,1,0.218298
gpucount: 2
16777216,2,0.171615
gpucount: 4
16777216,4,0.190146
gpucount: 6
16777216,6,0.25175
keycount: 33554432
gpucount: 1
33554432,1,0.40214
gpucount: 2
33554432,2,0.284247
gpucount: 4
33554432,4,0.254129
gpucount: 6
33554432,6,0.32198
keycount: 67108864
gpucount: 1
67108864,1,0.776113
gpucount: 2
67108864,2,0.514241
gpucount: 4
67108864,4,0.394714
gpucount: 6
67108864,6,0.477217
keycount: 134217728
gpucount: 1
134217728,1,
gpucount: 2
134217728,2,0.963669
gpucount: 4
134217728,4,0.685603
gpucount: 6
134217728,6,0.73538
keycount: 268435456
gpucount: 1
268435456,1,
gpucount: 2
268435456,2,
gpucount: 4
268435456,4,1.24242
gpucount: 6
268435456,6,1.25858
keycount: 536870912
gpucount: 1
536870912,1,
gpucount: 2
536870912,2,
gpucount: 4
536870912,4,
gpucount: 6
536870912,6,2.22495
keycount: 1073741824
gpucount: 1
1073741824,1,
gpucount: 2
1073741824,2,
gpucount: 4
1073741824,4,
gpucount: 6
1073741824,6,
keycount: 2147483648
gpucount: 1
2147483648,1,
gpucount: 2
2147483648,2,
gpucount: 4
2147483648,4,
gpucount: 6
2147483648,6,
keycount: 4294967296
gpucount: 1
4294967296,1,
gpucount: 2
4294967296,2,
gpucount: 4
4294967296,4,
gpucount: 6
4294967296,6,
