strong_scaling
keycount,gpucount,time
build tests
keycount: 16777216
gpucount: 1
16777216,1,0.106552
gpucount: 2
16777216,2,0.125904
gpucount: 4
16777216,4,0.161657
gpucount: 6
16777216,6,0.22105
keycount: 33554432
gpucount: 1
33554432,1,0.176538
gpucount: 2
33554432,2,0.185871
gpucount: 4
33554432,4,0.201365
gpucount: 6
33554432,6,0.263155
keycount: 67108864
gpucount: 1
67108864,1,0.30669
gpucount: 2
67108864,2,0.306704
gpucount: 4
67108864,4,0.284148
gpucount: 6
67108864,6,0.328888
keycount: 134217728
gpucount: 1
134217728,1,0.590797
gpucount: 2
134217728,2,0.560788
gpucount: 4
134217728,4,0.446619
gpucount: 6
134217728,6,0.475319
keycount: 268435456
gpucount: 1
268435456,1,285.992
gpucount: 2
268435456,2,1.08076
gpucount: 4
268435456,4,0.777603
gpucount: 6
268435456,6,0.788895
keycount: 536870912
gpucount: 1
536870912,1,888.475
gpucount: 2
536870912,2,481.217
gpucount: 4
536870912,4,1.4585
gpucount: 6
536870912,6,1.45704
keycount: 1073741824
gpucount: 1
1073741824,1,
gpucount: 2
1073741824,2,1249.06
gpucount: 4
1073741824,4,665.819
gpucount: 6
1073741824,6,2.67222
keycount: 2147483648
gpucount: 1
2147483648,1,
gpucount: 2
2147483648,2,
gpucount: 4
2147483648,4,1877.03
gpucount: 6
2147483648,6,1528.54
keycount: 4294967296
gpucount: 1
4294967296,1,
gpucount: 2
4294967296,2,
gpucount: 4
4294967296,4,
gpucount: 6
4294967296,6,
keycount: 8589934592
gpucount: 1
8589934592,1,
gpucount: 2
8589934592,2,
gpucount: 4
8589934592,4,
gpucount: 6
8589934592,6,
intersect tests
keycount: 8388608
gpucount: 1
8388608,1,0.119765
gpucount: 2
