duplicate_keys
keycount,tablesize,gpucount,time
build tests
tableSize: 2097152
67108864,2097152,6,
tableSize: 4194304
67108864,4194304,6,
tableSize: 8388608
67108864,8388608,6,
tableSize: 16777216
67108864,16777216,6,
tableSize: 33554432
67108864,33554432,6,
tableSize: 67108864
67108864,67108864,6,
tableSize: 134217728
67108864,134217728,6,
tableSize: 268435456
67108864,268435456,6,
tableSize: 536870912
67108864,536870912,6,
tableSize: 1073741824
67108864,1073741824,6,
tableSize: 2147483648
67108864,2147483648,6,
intersect tests
tableSize: 2097152
33554432,2097152,6,
tableSize: 4194304
33554432,4194304,6,
tableSize: 8388608
33554432,8388608,6,
tableSize: 16777216
33554432,16777216,6,
tableSize: 33554432
33554432,33554432,6,
tableSize: 67108864
33554432,67108864,6,
tableSize: 134217728
33554432,134217728,6,
tableSize: 268435456
33554432,268435456,6,
tableSize: 536870912
33554432,536870912,6,
tableSize: 1073741824
33554432,1073741824,6,
tableSize: 2147483648
33554432,2147483648,6,
